Gene	length	GC	cds	cdsGC	fiveUTR	fiveUTRgc	threeUTR	threeUTRgc
Pcx	4148	57.74	3540	57.77	143	65.03	463	55.51
Pcx	4125	57.41	3537	57.79	123	53.66	463	55.51
Hnrnpr	8022	38.51	1899	47.92	156	67.31	5965	34.77
Hnrnpr	7861	38.44	1596	48.87	298	56.38	5965	34.77
Hnrnpr	7856	38.44	1596	48.87	293	56.66	5965	34.77
Hnrnpr	8025	38.52	1899	47.92	159	67.30	5965	34.77
Hist2h2ab	438	60.73	393	63.10	437	60.87	44	38.64
Hist2h2ac	468	62.61	390	66.92	35	42.86	41	41.46
Bai3	5522	44.73	4569	46.16	260	48.46	691	33.72
Anxa7	2850	48.88	1392	52.37	239	60.25	1217	42.65
Anxa7	2965	49.41	1392	52.37	354	61.02	1217	42.65
Dstn	1918	45.05	498	44.38	313	66.45	1105	39.28
Actc1	1390	51.80	1134	52.47	78	65.38	176	40.91
Khsrp	4001	57.39	2247	61.59	107	73.83	1645	50.58
Olfm1	1048	60.31	462	59.52	260	86.15	324	40.43
Olfm1	2686	53.87	1374	53.49	303	76.90	1007	47.37
Olfm1	1007	57.89	378	57.41	303	76.90	324	40.43
Olfm1	2727	54.86	1458	54.39	260	86.15	1007	47.37
Matr3	4472	38.37	2541	42.38	315	46.35	1614	30.48
Sept5	2155	57.12	1110	55.23	87	85.06	956	56.69
Sh3gl2	2817	47.75	1059	50.80	120	78.33	1636	43.46
Ncan	7184	54.97	3807	59.78	123	68.29	3252	48.86
Aldh6a1	3346	42.65	1608	49.25	10	70.00	1726	36.33
Mapk1	1932	46.58	1077	46.52	244	69.67	609	37.44
Mapk1	5099	44.20	1077	46.52	244	69.67	3776	41.90
Ndufa8	739	53.04	519	54.14	49	75.51	169	43.20
Phgdh	1871	57.40	1602	57.68	136	59.56	131	51.91
Psma5	1217	49.96	726	47.25	350	60.00	139	38.13
Gdi2	2681	42.56	1338	43.20	223	70.40	1118	36.14
Hist3h2a	508	58.27	393	61.58	52	36.54	61	54.10
Zeb2	8898	40.07	3648	48.11	188	67.02	5060	33.28
Zeb2	9235	40.06	3648	48.11	525	49.71	5060	33.28
Calb2	1462	52.33	816	50.00	68	64.71	576	54.17
Atp5h	574	50.17	486	49.18	36	63.89	50	50.00
Acot7	1505	56.21	1155	56.88	66	56.06	282	53.19
Acot7	1367	55.74	1053	56.32	30	56.67	282	53.19
Acot7	1494	58.50	1140	58.42	70	80.00	282	53.19
Gas7	7105	49.96	1251	55.56	312	54.81	5540	48.43
Gas7	6934	49.83	1239	55.53	153	54.25	5540	48.43
Gas7	6848	49.71	1062	54.43	244	58.61	5540	48.43
Gas7	6911	49.83	1266	55.61	103	54.37	5540	48.43
Tsen34	1555	57.43	951	62.88	283	55.83	319	42.32
Tsen34	1468	57.49	864	63.54	283	55.83	319	42.32
Tsen34	1365	58.53	951	62.88	93	68.82	319	42.32
Dpysl2	4451	47.67	1719	55.56	231	40.26	2499	42.94
Rtn4	3271	39.10	600	43.00	285	45.61	2384	37.37
Rtn4	5558	40.52	3141	42.73	31	58.06	2384	37.37
Rtn4	3747	45.61	1071	58.08	290	67.24	2384	37.37
Rtn4	3804	45.72	1128	57.80	290	67.24	2384	37.37
Rtn4	6165	43.89	3489	46.40	290	67.24	2384	37.37
Idh2	1718	54.54	1359	56.07	73	73.97	284	41.90
Eno1	1831	53.85	1305	55.25	152	59.21	372	46.77
Synj1	7012	46.75	3930	48.65	144	77.78	2936	42.68
Synj1	7085	46.86	4824	49.13	117	74.36	2142	40.29
Rpl13	794	56.05	636	58.18	101	59.41	55	25.45
Wipf2	7589	50.92	1323	61.07	372	61.83	5892	47.96
Ap2b1	5411	49.45	2856	48.11	163	59.51	2390	50.38
Ap2b1	5369	49.34	2814	47.87	163	59.51	2390	50.38
Isca1	1915	47.62	390	50.77	84	67.86	1439	45.59
Bin1	2135	57.33	1434	56.90	189	74.07	510	52.16
Bin1	2468	57.94	1767	57.84	189	74.07	510	52.16
Gpr158	7143	46.91	3603	51.48	688	54.65	2850	39.23
Letm1	3480	54.02	2217	55.44	151	73.51	1110	48.56
Thy1	1753	55.22	489	55.42	117	63.25	1145	54.24
Cacna2d1	7472	40.70	3312	43.33	322	76.71	3836	35.38
Cacna2d1	7436	40.68	3276	43.32	322	76.71	3836	35.38
Cacna2d1	7421	40.67	3261	43.30	322	76.71	3836	35.38
Cacna2d1	7400	40.69	3240	43.36	322	76.71	3836	35.38
Cacna2d1	7415	40.70	3255	43.38	322	76.71	3836	35.38
Syn2	3343	54.92	1761	58.55	178	74.16	1402	47.86
Syn2	3858	51.53	1440	56.88	178	74.16	2238	46.29
Nedd8	602	52.82	246	50.41	93	65.59	261	50.57
Pla2g16	3523	44.88	489	53.99	154	55.19	2878	42.77
Idh3g	1335	51.84	1182	52.54	41	43.90	110	46.36
Srrm2	8613	51.68	7824	51.65	257	69.26	530	43.58
Gpd1	2809	56.14	1050	57.14	14	64.29	1743	55.48
Hist1h2ah	522	62.84	387	70.03	90	41.11	43	46.51
Hist1h2ak	536	61.94	393	68.45	84	39.29	57	49.12
Psmc2	1782	48.71	1428	49.72	273	45.42	79	40.51
Hist1h2af	468	62.61	393	68.70	467	62.74	74	29.73
Cct6a	2303	45.55	1596	47.43	82	65.85	623	37.88
Ldha	1854	50.38	1086	51.47	243	55.97	523	45.51
Ldha	1661	50.99	999	52.15	137	63.50	523	45.51
Hist1h2ab	505	63.17	393	68.96	44	36.36	66	46.97
Slc4a10	5514	41.91	3411	47.20	129	51.94	1972	32.05
Slc4a10	5424	41.72	3321	47.03	129	51.94	1972	32.05
Slc4a10	5553	41.96	3357	47.21	129	51.94	2065	32.78
Slc4a10	5460	41.76	3264	47.03	129	51.94	2065	32.78
Slc4a10	5511	41.90	3408	47.18	129	51.94	1972	32.05
Slc4a10	5421	41.71	3318	47.02	129	51.94	1972	32.05
Slc4a10	5463	41.77	3267	47.05	129	51.94	2065	32.78
Cisd1	965	50.16	327	52.60	94	74.47	542	44.46
Aldoart1	2052	47.66	1260	53.33	64	59.38	726	36.64
Aldoart2	1692	53.43	1095	55.71	86	63.95	509	46.56
Ptk2b	4039	53.97	3018	54.04	206	66.99	813	50.43
Ptk2b	3881	53.34	3030	54.06	36	58.33	813	50.43
Ptk2b	3925	53.86	2904	53.89	206	66.99	813	50.43
Palm	2519	62.13	1020	59.80	163	81.60	1334	61.47
Palm	2651	62.05	1152	59.90	163	81.60	1334	61.47
Atp6v1g2	1514	52.18	357	61.90	167	61.08	988	47.27
Ppp3ca	4832	45.70	1536	48.57	777	74.00	2517	35.16
Ppp3ca	4862	45.70	1566	48.53	777	74.00	2517	35.16
Canx	4288	42.09	1776	45.33	183	73.22	2327	37.17
Canx	4256	41.80	1776	45.33	151	71.52	2327	37.17
Canx	4292	42.08	1776	45.33	187	72.19	2327	37.17
Wasf1	2572	47.63	1680	52.92	103	63.11	787	34.18
Stub1	1672	61.36	915	57.27	507	68.84	248	60.89
Kif5c	6867	47.28	2871	51.17	347	73.78	3647	41.71
Epn1	2411	62.59	1728	62.27	267	76.03	414	55.56
Epn1	2582	62.04	1728	62.27	438	67.58	414	55.56
Rock2	8012	41.11	4167	41.66	211	84.36	3632	37.94
Aldoa	1597	56.61	1257	56.88	145	62.07	193	50.26
Aldoa	1470	54.97	1095	56.53	180	50.00	193	50.26
Aldoa	1520	56.97	1095	56.53	230	64.35	193	50.26
Tppp3	1040	57.98	531	56.50	148	68.24	359	55.71
Clu	1808	55.64	1347	54.49	232	62.93	227	54.63
Pdhb	1485	47.14	1080	49.26	59	59.32	344	38.37
Acadl	1948	45.79	1293	49.57	59	81.36	594	34.01
Dgkg	5521	49.68	2367	51.33	457	63.89	2695	45.83
Etfb	920	55.98	768	57.42	75	57.33	75	38.67
Nrgn	1293	58.62	237	67.93	193	65.80	861	54.47
Pdia4	2610	46.17	1926	48.86	207	70.05	475	24.84
Cbr1	1081	53.93	834	55.16	128	59.38	117	39.32
Sgta	1966	58.34	948	59.92	62	56.45	954	56.81
Prkcsh	2086	57.29	1587	57.59	160	57.50	337	55.49
Prkcsh	2069	57.13	1566	57.41	164	57.32	337	55.49
Prkcsh	2065	57.14	1566	57.41	160	57.50	337	55.49
Aplp2	3658	48.55	2256	50.75	87	66.67	1313	43.49
Aplp2	3526	48.24	2124	50.38	87	66.67	1313	43.49
Aplp2	3490	48.25	2088	50.43	87	66.67	1313	43.49
Mtdh	3680	43.59	1740	48.33	316	73.73	1622	32.61
Mink1	4973	58.07	4014	57.35	188	78.19	769	56.83
Mink1	4994	58.03	4035	57.30	188	78.19	769	56.83
Mink1	4862	57.80	3903	56.98	188	78.19	769	56.83
Mink1	4886	57.76	3927	56.94	188	78.19	769	56.83
Add3	4449	45.81	2121	51.16	291	57.04	2035	38.57
Add3	4415	46.89	2025	51.16	353	69.97	2035	38.57
Add3	4353	45.69	2025	51.16	291	57.04	2035	38.57
Add3	4511	46.97	2121	51.16	353	69.97	2035	38.57
Add3	4261	45.01	2121	51.16	103	44.66	2035	38.57
Sirt2	1816	55.45	1059	57.03	163	61.96	592	50.68
Sirt2	1653	55.29	960	57.50	99	60.61	592	50.68
Sirt2	1863	55.72	1170	57.78	99	60.61	592	50.68
H2afx	1414	60.04	432	69.68	46	54.35	934	55.89
Rpl4	1422	49.65	1260	50.24	43	67.44	117	36.75
Nrxn3	7933	47.46	4716	52.50	680	55.15	2535	36.02
Nrxn3	5157	43.40	1704	51.53	916	48.69	2535	36.02
Nrxn3	6529	45.67	3303	51.80	689	51.81	2535	36.02
Vdac1	1766	47.90	852	50.94	40	72.50	872	43.81
Tagln3	1269	48.46	600	54.00	224	58.93	443	35.44
Ahcyl1	3866	46.64	1593	50.28	270	79.26	2001	39.33
Ank3	6966	46.08	2697	51.80	643	48.68	3624	41.39
Ank3	10025	48.32	5886	52.53	513	48.93	3624	41.39
Ank3	7554	46.57	3285	51.90	643	48.68	3624	41.39
Ank3	9437	48.07	5298	52.55	513	48.93	3624	41.39
Ank3	9971	48.38	5832	52.67	513	48.93	3624	41.39
Ank3	9962	48.30	5823	52.55	513	48.93	3624	41.39
Ank3	9320	48.11	5181	52.73	513	48.93	3624	41.39
Ank3	9908	48.36	5769	52.70	513	48.93	3624	41.39
Ank3	6656	45.82	2517	51.57	513	48.93	3624	41.39
Cs	2828	49.75	1395	52.97	85	67.06	1346	45.25
Calr	1943	50.90	1251	50.12	132	62.12	558	50.00
Vcl	5229	48.56	3201	52.36	87	72.41	1939	41.16
Acat1	3373	45.21	1275	48.94	74	67.57	2022	42.04
Cadm2	9553	36.84	1188	47.64	676	68.79	7687	32.35
Cadm2	9580	36.85	1215	47.49	676	68.79	7687	32.35
Cadm3	4159	54.41	1191	53.65	200	72.00	2766	53.43
H2afj	1827	54.52	390	68.21	91	71.43	1344	49.40
Cadm1	4270	42.86	1254	53.03	20	65.00	2994	38.44
Cadm1	4354	43.11	1338	53.21	20	65.00	2994	38.44
Cadm1	4387	43.24	1371	53.39	20	65.00	2994	38.44
Cadm1	4303	42.99	1287	53.22	20	65.00	2994	38.44
Acta1	1571	56.97	1134	57.67	185	59.46	250	51.60
Acta1	1481	56.92	1134	57.67	95	61.05	250	51.60
Pomp	734	49.05	426	49.53	60	51.67	246	47.56
Map4k4	5782	52.46	3867	52.68	316	82.91	1597	45.90
Map4k4	5581	52.21	3666	52.32	316	82.91	1597	45.90
Map4k4	5542	52.26	3627	52.38	316	82.91	1597	45.90
Map4k4	5620	52.30	3705	52.44	316	82.91	1597	45.90
Ahnak	1053	55.37	453	56.51	256	64.84	342	46.49
Ahnak	1145	54.67	522	54.98	256	64.84	365	47.12
Ahnak	18100	47.58	16971	47.66	256	64.84	871	40.99
Khdrbs3	1954	50.26	1041	52.26	325	83.08	586	28.50
Crym	1256	53.34	942	55.73	63	60.32	249	42.17
Tnik	7122	47.57	4059	51.07	428	63.08	2633	39.61
Tnik	7035	47.56	3972	51.13	428	63.08	2633	39.61
Tnik	4625	51.65	4092	50.86	428	63.08	103	34.95
Tnik	7146	47.52	4083	50.97	428	63.08	2633	39.61
Ndufs4	1534	42.96	528	46.21	37	56.76	967	40.54
Ddx1	2488	45.06	2223	44.89	54	72.22	209	39.23
Rps12	535	51.03	399	50.88	90	68.89	44	15.91
Sugt1	1951	42.54	1011	44.11	137	56.20	801	38.20
Acyp1	677	42.10	300	50.00	133	59.40	242	22.73
Srgap3	8887	50.64	3300	54.06	769	53.71	4816	47.78
Mlf2	1530	58.04	744	59.14	226	73.01	558	50.54
Mlf2	1551	57.96	744	59.14	226	73.01	579	50.60
Ppa2	1380	46.09	990	48.18	29	72.41	359	38.16
Ppa2	1383	46.06	993	48.14	29	72.41	359	38.16
Arglu1	1731	50.72	816	54.41	219	80.82	694	36.89
Snrpd3	604	48.01	381	49.61	104	52.88	117	38.46
Sptbn1	9049	47.71	6465	50.32	424	57.08	2158	38.09
Sptbn1	8265	48.64	7092	50.59	45	42.22	1126	36.59
Eea1	7836	42.24	4236	44.57	285	78.95	3313	36.07
Hist2h2aa1	556	64.93	393	67.18	83	57.83	78	60.26
